strap_muscle :	 0.002455694761741411 
trachea :	 0.017853677220978997 
nodule :	 0.021282062093580818 
artery :	 0.001835884805763743 
esophagus :	 0.0 
vein :	 6.252127460038485e-05 
***************************
mAP :	 0.00724830669277756
